25   13750   4453  ****
24   16993   1029  *****
23   16258   2480  *****
22   18298   3401  *****
21   18940    247  *****
20   15849   4926  ******
19   20465   3663  ******
18   27834   1930  *******
17   28750    827  ********
16   32283   4445  ********
15   37478   2076  *********
14   36505   4286  *********
13   37666  11257  ***********
12   46840   3934  ***********
11   47858   5271  *************
10   52504  12009  ***************
 9   66573   1770  ***************
 8   68466   5812  *****************
 7   68005   6936  *****************
 6   89344   3145  ********************
 5   95335   2363  **********************
 4  100068  13657  *************************
 3  122422   4643  ***************************
 2  147615   5608  **********************************
 1  176035  14393  *****************************************
