25   6182   1117  ******
24   6892     84  ******
23   6777   1040  ******
22   7626    148  ******
21   7285     94  ******
20   8660    616  *******
19   9645    124  ********
18   9040   1701  ********
17  10674    615  ********
16  11063    997  *********
15  11967    305  *********
14  10757    766  *********
13  12577   1116  **********
12  14172    572  ***********
11  14441    532  ***********
10  14611   1551  ************
 9  17482    476  *************
 8  19923    566  ***************
 7  18283   5262  ****************
 6  24830   1145  ******************
 5  28207   1605  *********************
 4  30382   3436  ***********************
 3  26266   9062  ************************
 2  43043   7415  **********************************
 1  51043  10113  *****************************************
