25   3432   522  ******
24   3941    24  *******
23   4279   251  ********
22   4004  1197  ********
21   5077   291  *********
20   5643   249  *********
19   5165   961  **********
18   5963    41  **********
17   5404   126  *********
16   6285   184  **********
15   6292    45  **********
14   6242   266  **********
13   6342   285  **********
12   7672    94  ************
11   5254   327  *********
10   8760   149  **************
 9   9314  1646  *****************
 8  11631   207  ******************
 7  12155  1350  ********************
 6  15130   487  ***********************
 5  14543   676  **********************
 4  15547   882  ************************
 3  18341  2189  ******************************
 2  19642  2425  ********************************
 1  22018  6384  ****************************************
