25   3607   1677  ***
24   4255    110  ***
23   4251   2275  ***
22   4732   1209  ***
21   4895    281  ****
20   5379    163  ****
19   6150   1059  ****
18   7903    492  *****
17   6478     39  ****
16   8983    329  *****
15   6773    329  ****
14  11652    721  ******
13  11490    784  ******
12  13289   1423  *******
11  15750   1137  ********
10  16931     77  *********
 9  16524   1206  ********
 8  18947   1076  *********
 7  19378   4289  ***********
 6  23327   1048  ***********
 5  33548   1322  ****************
 4  32923   1191  ***************
 3  45004   2500  *********************
 2  58390   6980  ****************************
 1  74149  20649  *****************************************
