25   5390   2126  ****
24   6241     83  ****
23   7300     38  *****
22   5952    162  ****
21   7915    178  *****
20   8359    552  *****
19   7453   2388  ******
18  10233    139  ******
17  10709    183  ******
16  11446    425  *******
15  11144    158  *******
14  12825    888  *******
13  12702    162  *******
12  13214   2063  ********
11  14838    189  ********
10  16933    633  *********
 9  16003    320  *********
 8  17917   1063  **********
 7  19416    713  **********
 6  27746   1243  **************
 5  31073   5522  ******************
 4  36147   1381  ******************
 3  41564   3609  **********************
 2  49936   5414  ***************************
 1  70813  15595  *****************************************
