25   11332   6005  ***
24   13112    133  ****
23   13584   2195  ****
22   16052   6058  ****
21   20222   6496  ******
20   23216    379  *****
19   17197    257  ****
18   25700    183  ******
17   33600   1513  *******
16   33614   1710  *******
15   39448   3568  ********
14   47077   7175  **********
13   53060    926  **********
12   50959   2111  **********
11   60374    338  ***********
10   67300   1896  ************
 9   66043  10760  *************
 8   70643  12568  ***************
 7   90795   2479  ****************
 6   92107   7153  *****************
 5   93778   4822  *****************
 4  106624   6570  ********************
 3  137736  38722  ******************************
 2  194562   8031  **********************************
 1  217981  28536  *****************************************
