25    3758   1118  ***
24    5070   1423  ***
23    5318    162  ***
22    4542   2734  ***
21    5506    348  ***
20    5377    788  ***
19    7156    751  ****
18    5181    734  ***
17    8398   1952  ****
16    9006   3783  *****
15   10466    384  *****
14   12047    949  *****
13   14297   1828  ******
12   15339   3771  ********
11   17164    209  *******
10   18587   3298  *********
 9   22620    109  *********
 8   29462   1211  ***********
 7   24314   5971  **********
 6   34937   2029  *************
 5   37987   1805  **************
 4   54116   4611  ********************
 3   51833   7286  ********************
 2   80640   8743  ******************************
 1  107178  15063  *****************************************
