25       0     0  
24       0     0  
23       0     0  
22       0     0  
21       0     0  
20       0     0  
19       0     0  
18       0     0  
17       0     0  
16       0     0  
15       0     0  
14       0     0  
13       0     0  
12       0     0  
11       0     0  
10       0     0  
 9       0     0  
 8   57177  6878  *************
 7   72957  1878  ***************
 6  109333   990  **********************
 5  112514  2028  **********************
 4  134577  2245  **************************
 3  147210  7277  ******************************
 2  173171  7685  **********************************
 1  208301  8556  *****************************************
